0.96557103
1.4238533
1.5266513
0.53106773
0.61194595
1.3851554
0.91607435
1.2300841
1.7366412
1.7978134
1.466627
1.1808469
1.7816295
1.7772237
0.44160706
0.00080223335
1.7119339
0.65144854
0.92077835
1.01982
1.0753699
0.087088298
1.4103286
2.190139
0.31800652
1.43958
0.69133664
0.087088298
1.061165
0.84474707
1.4916543
0.86710377
0.34354568
1.5703318
0.51592137
1.0514019
0.50062711
1.3032975
0.15019589
2.3968051
0.3815738
1.9421054
1.1507994
0.17091551
1.4156271
0.27662564
0.18107364
0.29409819
1.2982994
1.2100435
2.6179524
0.90495291
0.85444364
1.5845849
0.12386821
1.2441495
1.1381236
2.3822391
1.269248
1.0041477
0.73582479
1.7867888
0.72146864
0.81294558
1.8786068
0.88502955
1.1993943
0.52856531
1.7711838
0.65938584
0.23231167
0.85002744
1.2147356
1.2636642
1.5138751
0.69610461
0.7573146
1.1249097
0.054443497
0.94164164
1.3665209
0.90611105
1.3084502
0.85651202
0.290655
1.8683696
0.036611139
1.4274333
0.56298014
1.4080529
0.84677228
1.1541458
1.5406995
1.4620672
0.97740838
0.96810646
1.1148446
0.72384835
1.7074516
0.72019806
1.1427922
0.092506424
1.0441461
1.1488347
1.2183086
1.0505601
2.3998558
1.3313275
0.65599013
0.86908598
1.3531644
-0.29305822
0.63674149
1.5428302
1.1387719
0.44230574
1.3826417
0.95647959
2.1936758
0.96972947
2.0812145
0.49065853
1.1851781
0.50530095
0.87178819
0.70306802
0.6087901
1.2717162
0.071127251
0.70180618
1.1853357
1.3468723
1.7841218
0.38309896
1.554976
0.997619
0.79413874
1.8828192
1.9416492
1.1399451
0.64566774
0.98224808
0.92043047
0.36951027
0.90040431
1.6234313
1.5669186
1.0716882
1.1005236
2.1673301
0.98497082
0.77011836
1.6875212
1.1326946
0.91486824
0.15184142
1.248973
1.1227793
0.98901961
1.0215
1.7274407
1.5605028
1.7019499
1.1441874
1.2771029
1.7579494
0.91124739
0.6071286
0.59990114
0.64690598
1.0250553
1.1963441
1.8932472
1.0809431
1.6667282
1.0078025
0.59927567
0.83869074
1.2977702
0.25954452
1.6535405
2.0336484
1.2414809
1.579088
1.4805339
0.80113255
0.75498559
1.375297
1.1415104
1.2488961
1.2867836
0.23357414
0.55789861
2.5523517
1.723186
1.212183
1.8125217
0.80075333
1.2250522
0.74628233
0.96633353
2.1635969
2.2030988
2.2242219
0.83416474
0.70586233
1.5009554
1.766398
0.32958849
1.2650452
0.11556716
0.81240307
1.2426194
0.64135236
1.3561364
1.097852
0.34181724
0.370989
1.6557785
0.81828396
0.7223422
1.2826969
1.4205374
1.0249543
0.75103802
1.0978278
1.4935134
1.7115544
1.0889401
2.3733762
-0.21583475
2.1229332
0.54906855
0.6256712
1.5526341
0.515344
0.90290571
1.1983316
1.1354488
0.40495541
1.2053843
1.2612587
0.50573508
1.140763
1.028052
-1.9190849
2.0469298
1.0087758
1.949647
0.83810874
0.76665495
1.1176071
1.2648435
1.357315
1.3903954
1.0864914
1.0132139
0.87597081
0.51544437
1.8908763
0.77385185
0.94527859
1.3398711
0.66854745
0.40373842
0.54340977
1.3440093
1.3604139
0.78701485
0.92796221
0.38403889
0.2333271
1.221915
0.76671518
0.61063656
1.2295692
1.2730971
1.0756803
1.1562502
1.869124
1.4291004
1.5022924
1.0101102
1.2673504
1.3461168
0.47649662
1.7865944
1.9920333
1.1088487
0.71333393
1.2185165
0.65437934
0.45401757
0.7735862
0.98293135
1.615263
0.64266412
1.5450292
0.68495438
1.5937639
-0.51494392
-1.2495196
-0.93291757
-1.3473339
-1.7816772
-1.7661121
-0.67080528
-0.34423582
-0.7507584
-0.60780139
-0.73648092
-0.4791792
-0.3639482
-0.54521364
-1.6380406
-1.4605432
-1.8164112
-1.5155513
-1.1899481
-0.83287167
-0.8037889
-1.4420096
-1.5746241
-1.1058428
-0.57478029
-0.80143624
-0.76080818
-0.90720572
-0.62355849
-0.9586211
-0.54232883
-0.59833725
-0.81615169
-1.4712033
-0.70067316
-0.61008594
0.40683232
-1.1634574
-1.2520297
-0.5867388
-1.0398389
-0.88613722
0.12386821
0.090002084
0.35933096
-1.1840213
-0.67693236
-0.85279557
-0.34650357
-1.8545494
-1.5049561
-1.8070231
-1.4168525
-1.6826452
-1.4806931
-1.8990046
-1.5827393
-2.4883067
-1.5814853
-2.0590696
-1.3139812
-1.669876
-2.6490304
-1.5398902
-2.0720368
-1.6198199
-2.2133612
-1.6308731
-2.3659347
-1.6970237
-2.4481508
-2.3900845
-2.1069608
-2.9884757
-2.1016044
-1.9958659
-2.2319964
-1.6426479
-1.9636893
-2.307879
-1.8370321
-2.5872006
-2.1770688
-1.138855
-2.0111222
-1.1195597
-1.3695108
-1.657676
-2.1249971
-1.2346659
-1.5209881
-1.7835609
-1.5691019
-1.6603595
-1.2072455
-1.2792796
-1.4735429
-2.133213
-1.6051066
-2.0479601
-1.3744342
-2.1495163
-1.7679725
-2.35855
-2.5110603
-1.2109735
-2.4805381
-1.8303251
-2.2471508
-1.849072
-2.3832614
-1.235042
-2.201542
-1.9016403
-2.6757612
-1.2635311
-1.8833709
-1.9738719
-2.3684672
-2.0088197
-1.3245922
-1.4690374
0.027213727
-1.4879872
-1.8152299
-2.6375927
-1.5577197
-1.4543659
-2.4608171
-2.0997461
-2.3496744
-2.2143736
-1.9908851
-1.7053283
-1.5437395
-0.68870191
-1.5489824
-2.6628249
-1.1808589
-1.96623
-1.7983207
-2.3897003
-1.3120113
-2.0791094
-0.82355779
-1.4224249
-0.36367418
-2.2217712
-0.23890515
-2.0875564
0.22004297
-1.6491045
-1.7402223
0.46122142
-1.4314461
-1.9291642
-2.3869408
-1.2136492
-1.7573376
-2.3034595
-1.8223033
-1.7381361
-1.5558532
-1.9191715
-2.0472915
-0.29708664
-2.1847493
-1.199261
-3.2084858
0.1749409
-2.0168179
-2.0809565
0.027787978
-1.3988477
-1.3017904
-0.21048408
-1.0334624
-0.91542357
-1.3727024
-0.13528971
-1.5656926
-1.2608005
-1.5204056
-1.1360312
-1.113233
-1.6543593
-0.83432268
0.32025268
-1.2831604
-0.54369351
-1.5787145
-2.7806008
-0.4903857
-1.2819448
-1.1258414
-1.9598233
-1.1048343
-0.89447851
-1.5301221
-1.7328641
-1.9347306
-1.0874254
-2.056236
-1.7638513
-1.3645922
-0.32931469
-1.1474048
-1.2617208
-0.81784207
-0.54777652
-1.3878273
-0.9514635
-1.4662206
-1.8291464
-0.86908033
-1.2806912
-0.44636124
-0.9607968
-0.56491543
-2.0531722
-1.1931415
-1.1665968
-1.2827181
-1.4155244
-1.21278
0.4367427
-1.5740348
-1.413028
-1.5225308
-0.58796369
-0.44806182
-1.9455325
-1.523156
-0.4138051
-0.98755563
-0.031142348
-0.96444249
-1.161257
-0.62231656
-1.454988
-0.92770607
-1.3643418
-0.51167049
-1.0457378
-2.0042973
-1.0758879
-1.8937378
-1.0248114
-0.86125286
-1.2213017
-0.90373478
-0.57233514
0.046485725
-0.9555352
-1.5513748
-0.4775056
-1.0908583
-0.43953249
-0.33887813
-0.81198717
-1.1248385
-1.5846328
-0.20934841
0.26234286
-0.72497723
-1.1817843
-1.0339068
-0.99531291
-1.4084423
-0.76166767
-0.77354321
-1.0430772
-1.0796668
-1.2657189
-1.1216279
-1.4657031
-0.81637237
-0.52019251
-1.2487944
-1.5291639
-0.6341913
-1.2609054
-1.4177891
-1.0326733
-2.1006941
-0.69857652
-1.442215
-0.94661538
-1.0836562
-0.53798338
-1.761465
-1.4141263
-1.4655734
-0.89923748
-0.71307969
-1.5873491
-1.3088028
-0.64430275
-0.50269875
-0.79682236
