((("deg" .
   [8 0 0])
  ("searchstring" .
   [0 0 0 2 0 0 0 0 0 0 0 0])
  ("argv" .
   [2 0 0 1])
  ("students" .
   [8 0 0 7 0 3 1 1])
  ("std" .
   [5 0 0])
  ("nextY" .
   [21 0 0 0 0])
  ("nextX" .
   [21 0 0 0 0])
  ("moveCol" .
   [2 0 0 0 0 0 0])
  ("moveRow" .
   [6 0 0 0 0 1 3])
  ("queueY" .
   [10 0 0 1 0 0])
  ("queueX" .
   [12 0 0 3 0 1])
  ("startCol" .
   [6 0 0 0 0 0 2 2])
  ("startRow" .
   [5 0 0 0 0 1 1 1])
  ("width" .
   [10 0 0 0 0])
  ("height" .
   [13 0 0 0 0 0])
  ("maze" .
   [15 0 0 0])
  ("nextが訪問済みであるかどうかの判定" .
   [1 0 0 0 0 0 0 0 0 0 0 0 0 0 0 0 0 0 0])
  ("i番目の次の状態" .
   [1 0 0 0 0 0 0 0])
  ("次の状態の個数" .
   [1 0 0 0 0 0 0])
  ("front" .
   [2 0 0 0 0])
  ("now" .
   [1 0 0])
  ("empty" .
   [1 0 0 0 0])
  ("初期状態" .
   [1 0 0 0])
  ("require" .
   [1 0 0 0 0 0 0])
  ("push_back" .
   [0 0 0 0 1 0 0 0 0])
  ("name" .
   [1 0 0 0])
  ("npos" .
   [2 0 0 0])
  ("find" .
   [2 0 0 0])
  ("this" .
   [2 0 0 0])
  ("ll" .
   [4 0])
  ("gcd" .
   [5 0 0])
  ("continue" .
   [2 0 0 0 0 0 0 0])
  ("second" .
   [8 0 0 0 0 0])
  ("first" .
   [5 0 0 2 1])
  ("typedef" .
   [1 0 0 0 0 0 0])
  ("update" .
   [4 0 0 0 0 0])
  ("cost" .
   [4 0 0 0])
  ("define" .
   [0 0 0 0 0 1])
  ("INF" .
   [4 0 0])
  ("from" .
   [7 0 0 0])
  ("FOR" .
   [1 0 0])
  ("edge" .
   [3 0 0 0])
  ("struct" .
   [3 0 0 0 0 0])
  ("cookie" .
   [1 0 0 0 0 0])
  ("nameNum" .
   [1 0 0 0 0 0 0])
  ("sizeof" .
   [1 0 0 0 0 0])
  ("false" .
   [24 0 0 0 0])
  ("bool" .
   [15 0 0 0])
  ("true" .
   [21 0 0 0])
  ("minbuf2" .
   [2 0 0 0 0 0 0])
  ("minbuf" .
   [3 0 0 0 0 0])
  ("min2" .
   [7 0 0 0])
  ("min1" .
   [15 0 0 0])
  ("max3" .
   [8 0 0 0])
  ("mintmp2" .
   [1 0 0 0 0 0 0])
  ("max1" .
   [23 0 0 0])
  ("min" .
   [23 0 0])
  ("mintmp" .
   [5 0 0 2 0 0])
  ("max" .
   [39 0 0])
  ("max2" .
   [18 0 0 0])
  ("pos" .
   [2 0 0])
  ("begin" .
   [1 0 0 0 0])
  ("long" .
   [36 0 0 0])
  ("flg" .
   [24 0 0])
  ("prime" .
   [7 0 0 0 0])
  ("solve" .
   [0 0 1 0 0])
  ("c" .
   [1])
  ("i" .
   [3])
  ("Int" .
   [1 0 1])
  ("pow" .
   [1 0 0])
  ("double" .
   [43 0 0 0 0 1])
  ("right" .
   [2 0 0 0 0])
  ("left" .
   [4 0 0 0])
  ("cout" .
   [30 0 0 0])
  ("sum" .
   [37 0 0])
  ("namespace" .
   [1 0 2 3 41 3 0 1 0])
  ("using" .
   [45 0 1 3 1])
  ("for" .
   [176 0 0])
  ("str" .
   [10 0 0])
  ("string" .
   [31 0 3 1 0 1])
  ("getline" .
   [4 0 0 0 0 0 1])
  ("file_put_contents" .
   [0 0 0 0 0 0 0 1 0 0 0 0 1 0 0 0 0])
  ("put_" .
   [1 0 0 0])
  ("array_merge_recursive" .
   [0 0 0 0 0 0 0 0 0 0 0 0 0 0 2 0 0 0 0 0 0])
  ("radian_to_degree" .
   [0 0 0 0 0 0 0 0 0 0 0 0 0 0 0 1])
  ("radian" .
   [0 0 0 0 0 1])
  ("degree_to_radian" .
   [0 0 0 1 0 0 0 0 0 0 0 0 0 0 0 0])
  ("ACS_HLINE" .
   [0 0 0 0 0 0 0 0 1])
  ("ACS_VLINE" .
   [0 0 0 0 1 0 0 0 0])
  ("void" .
   [3 0 0 0])
  ("$answer" .
   [0 0 0 0 0 1 0])
  ("$anw" .
   [1 0 0 0])
  ("TSRMLS_CC" .
   [0 0 0 0 1 0 0 1 0])
  ("ZEND_NUM_ARGS" .
   [0 0 0 0 0 0 0 0 0 0 0 0 2])
  ("PHP_EOL" .
   [0 0 0 0 0 0 1])
  ("urlencode" .
   [0 0 0 0 0 1 0 0 0])
  ("conn" .
   [0 0 0 1])
  ("HTTP" .
   [0 0 0 1])
  ("if" .
   [181 0])
  ("int" .
   [543 0 1])
  ("multi_client" .
   [0 0 0 0 0 0 0 0 0 0 0 2])
  ("st_free_table" .
   [0 0 0 0 0 0 0 0 0 0 0 0 1])
  ("st_copy" .
   [1 0 0 0 0 0 0])
  ("allocated" .
   [0 0 0 0 0 0 0 0 1])
  ("ruby" .
   [0 0 0 1])
  ("ruby_run" .
   [0 0 1 0 0 0 0 0])
  ("stdio" .
   [0 0 0 0 4])
  ("php_logo_guid" .
   [0 0 0 2 0 0 0 0 0 0 0 0 0])
  ("php" .
   [2 0 0])
  ("ruby_init" .
   [0 0 0 0 0 1 0 0 0])
  ("Wor" .
   [1 0 0])
  ("$wq" .
   [1 0 0])
  ("strip_tags" .
   [0 0 0 0 0 0 1 0 0 1])
  ("strtolower" .
   [0 0 0 0 0 0 0 1 0 0])
  ("bin2hex" .
   [0 0 0 0 1 0 0])
  ("strtoupper" .
   [0 0 0 0 0 0 1 0 0 0])
  ("$wsql" .
   [1 0 0 0 0])
  ("getMessage" .
   [1 0 0 0 0 1 0 0 0 0])
  ("file_get_contents" .
   [0 0 0 0 0 0 0 0 1 0 0 0 0 0 0 0 1])
  ("simplexxml" .
   [1 0 0 0 0 0 0 0 0 0])
  ("simplexml_load_file" .
   [0 0 0 0 0 0 0 1 0 0 0 0 0 0 0 0 0 0 0])
  ("APPEN" .
   [1 0 0 0 0])
  ("FILE_AP" .
   [1 0 0 0 0 0 0])
  ("h1" .
   [0 1])
  ("iostream" .
   [0 1 0 0 0 0 0 2])
  ("include" .
   [17 0 3 11 1 5 10])
  ("return" .
   [88 0 0 0 2 3])
  ("field" .
   [1 0 0 0 1])
  ("vector" .
   [16 0 0 0 0 2])
  ("cstring" .
   [0 0 0 0 0 0 1])
  ("cin" .
   [50 0 0])
  ("endl" .
   [23 0 0 0])
  ("else" .
   [71 0 0 0])
  ("char" .
   [13 0 0 1])
  ("while" .
   [37 0 0 0 1])
  ("break" .
   [46 0 0 0 0])
  ("swap" .
   [2 0 0 0])
  ("ans" .
   [26 0 0])
  ("temp" .
   [8 0 0 0])
  ("tmp" .
   [28 0 0])
  ("res" .
   [32 0 0])
  ("substr" .
   [4 0 0 1 0 1])
  ("board" .
   [6 0 3 8 15])
  ("public" .
   [8 2 7 2 0 0])
  ("row" .
   [4 0 0])
  ("col" .
   [6 0 0])
  ("100" .
   [15 0 0])
  ("area" .
   [3 0 0 0])
  ("size" .
   [27 0 0 0])
  ("M_PI" .
   [1 0 0 0])
  ("180" .
   [2 0 0])
  ("ave" .
   [3 0 0])
  ("ss" .
   [1 0])
  ("ssum" .
   [2 0 0 0])
  ("sig" .
   [1 0 0])
  ("sumw" .
   [4 0 0 0])
  ("sumk" .
   [3 0 0 0])
  ("dfs" .
   [16 0 0])
  ("res1" .
   [4 0 0 0])
  ("res2" .
   [4 0 0 0])
  ("res3" .
   [3 0 0 0])
  ("sqrt" .
   [3 0 0 0])
  ("xyz" .
   [3 0 0])
  ("numbers" .
   [3 0 0 7 0 1 0])
  ("class" .
   [4 0 0 0 1])
  ("cnt" .
   [22 0 0])
  ("EOF" .
   [2 0 0])
  ("scanf" .
   [2 0 0 0 0])
  ("printf" .
   [3 0 0 0 0 0])
  ("queue" .
   [5 0 0 1 0])
  ("pop" .
   [4 0 0])
  ("top" .
   [1 0 0])
  ("1000" .
   [4 0 0 0])
  ("flgprime" .
   [5 0 0 0 0 0 0 0])
  ("devpts" .
   [1 0 0 0 0 0])
  ("calc" .
   [4 0 0 0])
  ("2120960378" .
   [0 0 0 0 1 0 0 0 0 0])
  ("index" .
   [3 0 0 0 0])
  ("length" .
   [9 0 0 0 0 0])
  ("memo" .
   [13 0 0 0])
  ("static_cast" .
   [1 0 0 0 0 0 0 0 0 0 0])
  ("unsigned" .
   [1 0 0 0 1 1 0 0])
  ("push" .
   [17 0 0 0])
  ("next" .
   [3 0 0 0])
  ("prob" .
   [12 0 0 0])
  ("east" .
   [6 0 0 0])
  ("west" .
   [4 0 0 0])
  ("south" .
   [5 0 0 0 0])
  ("north" .
   [5 0 0 0 0])
  ("grid" .
   [17 0 0 0])
  ("ret" .
   [8 0 0])
  ("puclic" .
   [0 0 0 1 0 0])
  ("1000000" .
   [2 0 0 0 0 0 0])))
